nop nop nop nop
1c 1c 1c 1c  11100 11100 11100 11100
15555        01010 10101 01010 101
XOR          10110 01001 10110 010
2c9b2        10 1100 1001 1011 0010
                                                                                                                        
nop nop nop dup
1c 1c 1c 1c  11100 11100 11100 11000
15555        01010 10101 01010 101
XOR          10110 01001 10110 011
2c9b3        10 1100 1001 1011 0011

nop nop dup nop
1c 1c 18 1c  11100 11100 11000 11100
15555        01010 10101 01010 101
XOR          10110 01001 10010 010
2c992        10 1100 1001 1001 0010     

nop dup nop nop
1c 18 1c 1c  11100 11000 11100 11100
15555        01010 10101 01010 101
XOR          10110 01101 10110 010
2cdb2        10 1100 1101 1011 0010

dup nop nop nop
18 1c 1c 1c  11000 11100 11100 11100
15555        01010 10101 01010 101
XOR          10010 01001 10110 010
249b2        10 0100 1001 1011 0010

jump 3  
02 00 00 00  00010 00000 00000 00000 
             00 0100 0000 0000 0000 
1555         01 0101 01xx xxxx xxxx
XOR          01 0001 0100 0000 0000  
11403        01 0001 0100 0000 0011  

call 3  
03 00 00 00  00011 00000 00000 00000 
             00 0110 0000 0000 0000 
1555         01 0101 01xx xxxx xxxx
XOR          01 0011 0100 0000 0000  
13403        01 0011 0100 0000 0011  

nop jump 3  
1c 02 00 00  11100 00010 00000 00000
             11 1000 0010 0000 0000 
1555         01 0101 0101 xxxx xxxx
XOR          10 1101 0111 0000 0000  
2d703        10 1101 0111 0000 0011  

nop call 3  
1c 03 00 00  11100 00011 00000 00000
             11 1000 0011 0000 0000
1555         01 0101 0101 xxxx xxxx
XOR          10 1101 0110 0000 0000  
2d603        10 1101 0110 0000 0011  

nop nop jump 3  
1c 1c 02 00  11100 11100 00010 00000
             11 1001 1100 0001 0000 00
1555         01 0101 0101 0101 0xxx
XOR          10 1100 1001 0100 0000  
2c943        10 1100 1001 0100 0011  


nop nop call 3  
1c 1c 03 00  11100 11100 00011 00000
             11 1001 1100 0001 1000 00
1555         01 0101 0101 0101 0xxx
XOR          10 1100 1001 0100 1000  
2c94b        10 1100 1001 0100 1011  













